conv1 weights - 16 filters, 5x5, int8, scale=0.00360606, zero_point=0
============================================================

Filter 0:
     8   30  -68  -72  -42
    34   15   23  -43  -16
    10   15  -57  -74  -61
    27   46   52  -25  -32
    36   66   15   66    6

Filter 1:
    28   79  -42  -73  -60
    -1   97   14  -38  -95
   -49   17   97   21  -22
    -4    0   50  -32  -51
   -41   49   64    4    3

Filter 2:
    47   74   38   17   44
   -22   25  -33  -30  -21
    34   30  -26   25   39
    -9    6   21   48   67
   -49  -18   30   59   62

Filter 3:
    64   36  -24   -1  -88
   -26   79   65  -83  -52
    21   30    0  -27  -99
    45   57   49  -30 -112
    -6   61   30  -73  -77

Filter 4:
   100   66  -58  -65  -56
    30  -96 -112  -22   36
   -57  -31  -55   75   69
   -78  -16   36   43   30
    13   39   14   52  -56

Filter 5:
   -55  -61  -76  -57  -52
   -22  -11  -43   12   63
     8   15   20   45   63
    78   59   79   23  -33
    -6   52    8  -26  -42

Filter 6:
   -78  -42   -5   60   66
  -122  -51 -128  -79  -52
   -13  -62 -116 -115  -73
    50   29   59  -46  -32
   101   36  102   68  -15

Filter 7:
    43    4   -8   66  -11
    16    7   69   52   67
    29    4   17  -12   58
    34   18  -76  -31  -79
   -85  -99  -39  -80  -44

Filter 8:
    17   51  -36  -48  -48
    49   -5   60   25   12
     3   -5   16    0   12
    11  -36  -16   59  -37
     5   71   39   18  -41

Filter 9:
    38  -30   -8   -9   -1
    12   56   19   64   47
   -28   30  -32  -11   31
    13   36  -22    7   43
   -89    8  -70   -3    4

Filter 10:
     0   37   66  -16  -63
   -10  -31   55   -5  -56
   -40   44   62   73   28
   -48  -25   33   69   36
   -72  -68  -76   16   -2

Filter 11:
   -88   12  -45   11   37
   -33  -64  -39   62   27
    39  -22   31    6   11
   -38   26   32   14   -3
   -28   49  -29   34  -16

Filter 12:
   -68  -39  -35   41   42
   -84  -40   19   48   23
   -99  -55   24    7   46
   -23  -59    7   44   25
   -43   -8  -30   26   57

Filter 13:
    53   41   20   37  -20
   -48  -40   66   45  -32
    22   50   68   61   54
    -9   -9   58   44  -20
    58   37   42  -21   31

Filter 14:
    15   82   40   69   51
    47   24   83   18   63
   -71  -82  -25   85   76
     4   -6 -100  -73   -1
   -84  -10  -94  -94  -96

Filter 15:
   -27   53   55   51   55
    57   -4   36   62   32
    66   41   44  -10   40
    15   -4  -25  -28  -39
    43   44   -7  -40   29

