0.0017252633
-0.003825994
0.032814503
0.014743198
0.0041297213
-0.0019456069
-0.024205256
0.0049716257
0.01714121
-0.019820515
-0.013288038
0.0027472384
0.031436853
0.01688908
-0.012482119
-0.022870976
-0.0052509727
0.004846401
0.004798586
0.02225941
-0.016742935
-0.0045194118
-0.01803956
-0.0046239467
0.018631823
0.029956808
0.010552002
0.031941473
0.021179728
0.037944559
0.0042139147
-0.01776102
0.0064903731
0.0037482041
0.039471176
-0.0084127365
0.033836275
0.028025264
-0.019103987
0.0016793099
0.0027056858
0.0098926025
0.010864255
0.016678378
-0.010268534
0.019317413
0.0074509126
0.020999784
-0.013193632
0.0088561969
0.0016440068
0.0041523888
0.021328133
-0.018382963
0.0075740428
-0.019985929
-0.015993411
-0.00037536953
-0.025549432
0.0013873091
0.037554268
0.041836426
-0.0083852578
0.01375533
